21689316
19809765
19564781
22034415
20203249
21994655
20414737
22376725
21456742
22347331
18186007
22356871
20817611
19818393
22140196
19760448
19125837
19692193
20127764
20403474
20570805
21708928
20870828
19736016
18179245
20657204
19880527
20044627
22310987
20149263
20123470
21990854
19692431
21207904
19718509
19736437
21766208
22417923
18943308
18047391
21868798
20069315
21649360
19832804
19499741
22107332
22061726
22280082
19848396
13816247
18967745
20259301
18969610
20433116
17832725
20039080
20527261
21940769
13810509
20359208
22429010
20288427
19927525
21826902
20172678
21068609
19693446
13359584
16823177
22223666
12954565
17515715
20022564
22418376
19783547
21772990
20053828
22436415
20123744
21822334
17634796
20605480
14837731
22259987
20230325
19044300
21757774
22356372
20064622
21799974
22293097
18060346
21168011
21978205
17233146
17824323
20100275
21849113
20429277
18196360
21653533
20150662
18117746
22418312
15278387
20305408
20395466
21808467
21644118
22101887
19642989
17670928
17327666
22300462
21365741
21488213
21990016
22238706
20850333
20270200
20323487
19819461
15690587
21286684
20682734
20061331
20080221
22325740
13647804
20662428
22047674
17500532
21807430
21608967
22272866
19811519
21707037
22383051
22001961
22217030
21325245
20527606
20028437
19691041
20232969
18242967
13965016
21313577
21656528
14997764
18287372
20147323
20307069
21153566
21000702
21941397
21067546
21838279
20731498
20067388
20605467
20634827
22343303
20096855
12978326
20098850
20358938
20346207
17769801
18171290
18957655
20214660
20664618
20233028
20265112
21817634
21618704
21118132
22157492
22121845
21772314
22101476
21746174
18689662
19543327
22072680
21282251
20141848
16633508
18786987
19909726
18727156
21790056
21032723
20502712
21657316
22356421
22284017
22126724
21336238
18083015
21510453
22303502
19677034
22227410
22292423
19861682
20570939
20030625
21091313
21960396
20514636
19691874
21827130
19972087
20486475
21321843
21817545
18486358
19896338
21064924
20590424
20480670
20145262
21797671
21805905
20353657
22060852
20128123
14680827
19938179
22189111
22273690
22295522
18705267
19398106
20510329
19883264
18897251
22418557
20447605
19725779
18181431
19970322
20275643
19706137
15898473
22293408
20106196
18174281
21956221
19693619
22067458
20325267
22383315
17637431
18902265
22377388
21566818
22377274
22432245
20067569
20248921
21832480
20729260
22114048
22173993
21360478
18206069
18712748
20438515
22168066
22087953
19762969
19692784
19950137
17668293
17140196
22341427
19882138
21798566
20103542
14629710
14659229
20069237
20126205
20597716
19927890
20423024
17627879
15527995
19734996
21831939
21775863
18023766
20205665
22145354
20804604
20314254
21634967
14160906
20048168
20349074
21071464
20381796
14590933
18065183
22135097
18144730
22300456
22293686
18062899
20707077
17113513
22273640
19820493
22431669
20552939
21930624
19730679
22425085
22376762
20261734
19859896
18921624
16381972
20659887
15849189
18778986
21663374
21448148
19785976
20569457
22437660
20205725
20209634
20150791
16690432
22335987
21690606
21321847
20384613
17861507
18561058
21826465
17601698
20565651
21768359
19692754
18634420
13436706
22157595
22026001
20090274
21924515
20186897
14996332
22417094
20098949
20289050
17476827
21655755
20597935
21369481
22426729
21651279
18694900
20206113
13680268
16196213
19904233
18633370
21874175
20692850
19854014
21333932
20147212
19941826
21249020
22428859
13002365
21890398
20186190
22356535
20331731
20678258
20430878
20038020
22296786
13687129
19738543
22325983
19034073
21096477
19631966
21821789
18556534
20640134
21826966
19779156
14482398
20128104
21329468
20264192
21138011
20865075
22377212
18898956
21773747
22084507
19552098
22068778
20149033
22157178
19809827
20977986
18354126
22324732
21784168
20060797
20063490
21868405
14463483
22173747
18570303
20708976
18592707
21138005
21278870
20256818
22140158
18027978
20352935
18265889
21210590
19188705
21719311
19745007
20099811
21960595
19560552
22197240
18054930
21696947
21913252
18920271
19850914
21788769
22432252
18182331
20086732
22383964
21458837
20069210
21725310
21680960
20383703
22437048
20258555
18559069
17231494
19974542
19802176
21998275
20241180
18706014
20801225
21619588
20035397
20423117
21729287
17281869
19552214
17901077
19429890
20038186
22424242
20232863
19726869
19813789
22227224
20423108
21978395
20403505
20511597
20101974
22356935
19893569
22230032
20028780
19568476
19876425
14277327
22431147
19976557
22034430
19823692
21737344
19729546
20056491
22216900
22293392
22357633
16636475
20019540
21972012
19700208
19787674
18637159
21822345
20537631
21354904
17647258
19885955
21799314
22402768
18027519
20193058
21451876
19827397
18359935
20062910
19855823
15147147
18633771
22369337
21566901
20148389
18769166
20037430
16513072
21605019
18944512
21282902
20242610
21794531
17759851
22144165
21963004
22418039
19896447
20035745
20455585
19799445
20284846
20359036
19988249
19048905
21790474
19403593
22417292
19270966
21822290
20021519
20554446
21589081
19820687
22135109
14157033
21797511
21784077
17885885
22405033
19790381
21995920
14920753
13450826
18374523
20356432
19311707
19234436
20423090
20013066
18416819
20396714
22292508
18807093
21410016
21798919
16347103
13117235
21913290
20261294
20934409
18957457
19759975
20244819
19740912
21795195
20323137
22218460
22269070
20133774
21447093
22294211
22140434
22097034
19637903
22153595
18635102
22293618
15283583
18637709
17947124
18840095
13503297
20471161
21837464
15960792
18996899
20128138
19850812
19671312
17576203
21579722
21812150
22175506
19804377
20043226
20515453
19693108
19863108
20913830
21817585
15231915
16501852
22332351
20150226
20338363
20231243
22127783
22133643
19397833
19929274
22064751
21015939
20414018
21890350
22245915
20506931
22425734
22153247
21782945
15342704
21603682
17661071
22423244
19272134
18275293
22157599
18594221
20130434
20537978
20101551
13798475
20145587
20286908
20344539
19821030
18636925
19552104
17023217
20180803
18900676
22357065
20422978
17773323
19976458
20031627
22424010
20216682
19414352
22111750
20013753
20587044
19761494
19742462
21979144
21797815
22357827
22041340
22417345
20226472
20160330
21807002
19878856
22028297
18851382
19244039
19770017
19552479
15627710
21783999
19868343
20340947
21798811
21605452
21850572
18636488
22276757
20149112
18636206
20070056
21763467
13483526
21843225
22226129
20656323
17520924
21421570
13378391
21984192
22379644
13012537
21727826
20175565
20246292
16638223
20452798
19830801
21665804
19080379
17017583
21610302
22217051
22429795
21656162
21747682
21960739
14072660
20069416
18140571
22377248
20033874
20362388
21822623
19956259
20294557
21782684
21783495
22227362
21775031
20192650
21783681
18631539
20150590
20691681
17682859
17562410
20265692
13216881
19862808
16968620
20263162
19912219
17781599
18375013
20675363
22357876
20850350
20100570
21728277
21788772
20471135
22318708
18974271
18998850
20788280
14083536
19884844
19710089
18633710
22311428
20069356
22276833
19751969
13441410
22165784
20231372
19908099
21807183
20007822
22407222
20175886
22041509
19894792
20773017
19911155
19885491
21452404
19838508
22040367
19010985
14618405
22180583
19052484
22188053
18244041
20379713
18638043
20188674
18356363
20471192
22216751
18612856
22148647
20286311
22093756
21850757
21666134
16022238
21811915
20935880
15586832
18527952
22032151
22357852
20931801
22310935
22192280
19910813
20465667
12864509
17624242
20244836
18706167
20532302
21812519
19797343
22041450
17674485
17579054
22329582
19785825
21091776
17360814
22420963
22279991
20359065
21978279
22041312
21849405
20610659
22231874
20135034
19037150
20156582
20127862
22060064
18460773
22223641
20991120
18867851
14850886
21983519
20662491
19832840
19736267
20012608
18366563
22041136
21294690
21925421
22072326
17618766
20359067
19689791
20039563
20053801
21816870
22140521
22223309
19835424
20354893
21821631
20150479
21772301
17284754
19240345
22274685
21757786
21757798
21965925
21596981
19646998
21675556
21224960
20222738
20019821
19342237
21708259
20684554
19837172
20034195
22258675
17561669
21789067
16375004
20302192
17011822
21783602
20123233
18630157
22081467
20243438
20529184
20026005
21410349
21978259
13159961
20573292
21797999
20431153
18142229
20583275
21614765
18636761
20003919
21837274
20050508
21044801
19046231
22126660
22141438
20349157
20692072
17958289
22217012
19782838
22173766
17639379
22362879
22140380
22316987
20070144
20872486
13694261
14488798
21757508
22326053
18143484
18290967
22401736
19736273
20099936
21696988
18088893
17661029
20195420
20490552
20604236
22153227
22242425
19899000
19705649
19808410
19380379
20341645
19983046
22311679
22125264
13325030
20038346
15508673
20890340
22126710
19676996
21930088
20102790
18957637
17518812
19717751
22088005
19704952
14587783
17164912
17654841
20423413
20991119
22302903
20510043
21775456
21637888
18470667
22233525
18225778
20427308
21783538
15199596
19983836
21605521
21183731
18921818
20028494
17234858
17955566
21292899
20439068
20195849
21218017
19867417
22390979
20711339
21640121
22428591
19872349
20109031
22418514
15851959
17961970
22138455
19968922
19857110
13494026
19760025
21064093
20233138
18388692
20233713
20530958
20040812
21604746
22141072
16533540
21848609
21048009
19408295
20913081
19815026
22243360
20004885
22087908
22340381
19910718
18782768
19549147
22326471
22316291
20552302
16839172
17325777
17179464
20506905
19195485
20232880
20066236
20760979
16279273
19891610
20129317
20322540
19888427
20374538
22332411
20136761
21909326
21757775
20069357
18319089
18734537
21978547
19010667
18455369
20870808
21979045
20145452
20421327
20188300
18835651
20946472
21998569
21873475
20817514
20166777
19907828
19815231
21195026
21694095
21619172
20245214
17584987
16260022
20014937
20581721
19875770
18143881
21644314
22128943
21783547
21825463
20098302
18716300
22423482
17600780
19488773
21850648
20399998
22352952
21693116
20605457
21077028
21640127
21686538
20375865
19900676
21871346
20441366
21227446
20695692
19987458
20288952
22428517
20445875
20206331
19624723
21969170
21941224
18372288
21837574
21790177
20375625
13708506
19144891
21224993
20605367
16271494
21103778
18143279
21360074
21286553
20264265
21686493
19878196
17959532
18431076
22069655
19818234
17657379
21279469
22331835
20211757
15543996
20541802
22195683
21918768
13518471
21256564
17841420
20013259
20087703
22188455
21357772
15190847
22311648
16866932
20576716
22336749
20803297
20133796
18640066
21877274
19785625
22030857
19783788
20570792
20527605
22171410
20448950
18635182
13635684
19708368
20666299
19987246
20132559
14569599
18787048
19885335
19970424
20423058
21826477
22371466
20338156
22437237
22006619
13412943
19915979
22041239
18706175
22311110
18039401
18379172
19658090
21725993
18395877
21370890
22111925
20359004
21913372
19909052
21766857
22275562
18958326
19799713
22269333
19621796
18946996
20208878
17299200
22325952
20076635
14645495
20128063
20127443
20155475
21849959
21864249
21954304
20133312
21401734
20452821
21833162
20954690
20964607
22230021
20291401
21995659
18379587
17747874
17633375
22006612
18286136
20420054
20029923
21360464
17231250
17957431
22428697
22417196
21791105
22267928
20570955
22323192
22140756
19820757
22402596
21684726
21447228
18184513
19828370
14353827
19736638
21940964
21349997
22326009
20570777
22311558
17580427
18469513
21822856
21409298
22041554
22197268
21091768
21027857
22412595
21055536
22298116
22157505
22173777
21606965
21823140
22392082
22223709
22267943
16420371
22061522
20053773
17894898
18134843
21137968
17514444
20395133
20232749
19628266
19744913
20309573
21128887
20506939
20288935
20028737
19760370
19759969
22107410
21816878
18399502
19818080
21946572
18214636
20103586
21215731
22354508
22036214
13044093
19778884
22320189
20257285
20145703
21925504
21941215
22103714
22346616
19910496
21456737
21817124
22151197
22087811
17601817
21788160
13216985
19799372
21833852
20461152
22428468
22144100
22044462
18788269
22418368
18486383
20174087
18244198
19872483
19985622
19815819
21966645
22106580
19705556
17667056
22357788
19760276
22040289
20087757
20219112
15815715
22422541
20186471
19811258
21877762
14972268
20149109
13673202
18920253
20063679
21995314
19887369
19859679
21798842
19829130
22301432
22097604
20323442
19838712
22255441
21283963
21849229
18633000
20583563
21674479
17426504
20100659
17428271
21319779
19475781
16564759
20439182
21923104
21872022
19583685
20100647
21419028
20763929
21646853
22387780
19834047
19732781
21884447
20072588
22270466
20033347
19052517
19342113
16917229
20142116
19826306
19740929
20392698
22158092
21313558
14323483
19838155
19820896
20343042
20634718
22331861
18067313
21806984
13364656
21281160
20246911
22395101
21760727
21956275
22002346
21218319
20596758
21867310
21456753
21868730
20328958
21470020
18280266
20127320
19910385
21647190
20423081
19776340
20291342
21320146
20291091
14174371
18971283
21619186
22194990
22192312
20095594
21706970
17650329
13579878
20480969
15401562
20044715
14145923
22042212
17819263
20186535
20070561
20345136
21973293
16605742
17322742
21772281
22041659
19812029
21249703
17814869
22185296
18144211
20246942
20258214
21675804
21798249
21399388
18768949
19716010
22249669
20496055
18088619
22030252
13531835
19737618
20064136
20673797
20281722
22318935
20272230
18851469
22092893
20605181
21819338
22062199
20844913
22304979
17831449
20122880
20250490
19803175
20041984
18901023
19638562
20218552
18512316
20544382
21408281
22311680
22434295
21034803
20360034
18647829
20133385
19179595
19583665
21626688
22243058
20802747
21770152
20960897
18470508
21311525
19542097
21715790
18905616
21819261
21940840
22140370
19552147
20029745
18602846
21675821
21071487
22157553
20241241
21456704
14462338
19643485
19754296
21913291
14904296
21636266
22439193
15294498
22081211
22087943
19888091
22088772
20421956
19396419
21746297
20097608
16813712
21742230
19759993
22146183
22111830
19034144
21447273
20118763
19826577
22166390
21798199
21793819
20196046
22233488
22356757
20166266
16353509
21518661
21787360
20232814
19881626
18557084
21798395
19790001
22057359
20193488
20205508
17386711
19915548
21256557
20053277
22357031
19910550
19033995
22218455
19761234
22350873
18476185
20570829
22102015
22390457
21218682
22032980
20284057
21941388
20069895
18145069
21806342
20069928
21941123
20033296
22031533
20610100
22436081
21818758
22377244
18369478
20506089
22231877
18213593
16390828
19738591
20546915
22000291
20191549
17751362
15202802
21686449
21296905
19755634
20418085
20249500
20845706
21183990
22108850
17071044
22249665
21918138
22309004
22021387
21470303
20605434
19763011
19704745
20503594
20062697
21421446
19856946
20331699
20395774
20270573
17532041
22363675
21316932
20245144
22041265
20121859
20339662
21328474
21401541
21252645
21733733
21782999
19818358
20614101
20510247
20098236
19818244
19915947
21875536
22314544
22394585
21642479
21307074
21885042
20685228
21707116
20216525
22439088
19911095
18901361
22417470
13834100
19833754
21612419
20175744
20185050
19808651
13727883
21455427
20127783
21358359
13627198
19818187
20147799
20334155
17769863
19526179
22410656
21851056
21769139
18464800
15759963
22357097
19247243
19273439
13487749
20598521
19855855
22310989
20154427
15712893
22221404
20049711
19910839
20232870
22131563
17776475
20034661
16485921
21333919
19822593
19758223
16500987
20884637
21386826
20414982
20502633
20398518
21776776
18468900
20053144
18154777
19786495
20272092
18957222
20194730
22430149
20030184
20195588
21783570
21775831
20032048
19846428
21566849
21811863
21799131
16424149
21619450
20142043
22433098
19552164
20510135
19579254
22426714
19837830
21783579
21222622
18845460
19937115
22331812
20266689
20196208
20383373
20201292
21689198
21629180
20167255
15526624
13727831
21837310
18365131
21746199
13010009
19864677
21979357
20636663
20232794
20036968
14879583
20033373
19888034
21587114
22042224
19982722
20174064
21325262
21619252
21316407
22298722
18363304
21889252
20078933
15831358
20540529
19712993
17748799
18815594
22426313
20486289
19788378
21827430
18716988
21681399
16307938
19832203
19823975
21325232
20024860
20242638
21265237
12873055
19917125
13587408
20881286
21777043
21797427
20605484
22105959
20062982
18467272
16593891
15038619
21914419
22433275
21819488
21940712
22157554
19420852
21775432
22122226
21816162
22326006
19761720
20491285
20150411
21875553
20350776
13831214
21307095
19976280
21906103
18943731
21806335
15461061
21750797
20370354
22072661
21259959
15097641
21932407
20050858
19808502
18832564
20074100
19909042
17601731
19786470
13915710
22141845
21480681
22321654
20317850
20265617
20031165
20168680
22439401
21322909
19760285
19838146
21819367
22298200
21799171
22079324
20069145
21610819
21313550
21851811
13223307
19706919
21925384
18921430
17965513
19946728
22165160
21252319
21794214
20202918
21653355
19894728
20882796
22439037
22041570
21842311
22325804
20233869
22197712
12841253
20028092
20309604
22157694
21313590
13254176
21919554
20694062
18749727
22218263
18807022
17783221
19859721
22311618
20636331
20397385
20542524
22100798
15958973
21733654
20265772
14834327
20286838
15897850
19786921
20572495
19912232
21367180
18998138
21566773
20026115
22140944
20365390
21792414
21652077
14933987
20127980
22381897
21686451
19882896
19243196
19408238
21566783
17909925
16077882
21815580
16602940
21566824
19702570
22417098
22220868
21901200
22424525
19726921
21647597
20468104
21697023
15401539
13171307
22238749
20302675
20295364
20372198
19924788
19760042
20471209
21807283
20378006
17626369
22418481
17674499
20066040
20187315
15789852
21363315
20155216
22249642
22030872
22065981
22315191
20707503
21949290
21999850
22331888
21422724
18171699
13510583
15127582
21790765
18390253
22027470
20216553
19993833
21644317
19672946
20231744
14275337
21936580
18278590
21843242
21429135
20083541
20250320
20745440
21977991
13716477
22097519
18629384
21038079
14621911
20035896
22377298
19243695
22026023
21889122
19784725
21421407
22284026
20118289
20030012
21919456
20029729
19717157
21704382
19758729
22302283
19564353
20070491
17625099
20360041
20621218
19818057
13216559
20153024
21889037
22031528
21798933
21130786
20394549
22065381
21566833
18357732
22434142
13666406
17815189
13516163
20048298
19317704
21733737
22416863
21825883
20407073
22394131
18501644
19320506
20069955
18070452
21369316
14419661
21934453
20529487
20552805
21968617
21772278
22439449
19390664
20404903
21159789
17331956
12901079
20360332
22040766
19780893
18639399
18612833
21619512
17924427
22331857
21304207
21606881
18310277
19536350
20679177
19835081
22192631
14138772
20634075
20233879
21818284
19816825
20578312
19928789
22357733
19941463
19636630
19740172
20216405
20110621
21850627
20649164
20480920
19786333
22111711
19140964
20918090
20836755
22152627
21837372
19809970
19736251
22260090
19824260
19806281
21313554
19808948
18452458
22061622
19864229
21906117
21826050
22108410
20070181
22125989
21733548
21317158
22010524
17957775
22390989
21868707
21775787
19862374
19813251
14254414
21799587
22439370
21040333
21263165
22296872
15345998
20998631
19892543
19392528
22140177
19807241
19921983
20610691
22270178
18291130
20470178
22023438
21825843
19972046
21995503
20397786
22293186
21914823
21515348
19542644
21050434
21697000
18352488
17831933
20359142
20224543
22169137
14545015
21010627
20201834
20231728
22323882
20032529
22352999
21849048
20298639
22249861
20596091
20205313
21971851
16412573
22311676
20627756
20608615
21868690
21610663
22325296
19712991
18938114
20405399
21877316
22421578
20273495
18574423
20403447
22080066
20216508
22192213
16967193
22342161
18547466
20328460
22043761
21751880
21858200
19756679
15815000
14585256
20481818
17925339
21790734
20267399
19741714
18627989
19449390
22293332
19817815
19899127
20443537
18246960
20225297
21825469
19911968
18274348
20767088
20150508
14551245
19676982
22291996
20456149
19938367
21978453
18633686
22421869
19808388
20765799
20206673
22369375
20884653
19758877
22293696
21897376
22306335
20119416
21774999
19942082
19862197
20264957
15730742
19347034
19822656
22395225
22158139
20817509
19006903
20249097
15648453
18634378
19789453
19897559
21986222
12996162
19804101
22357517
22040644
22188583
19759437
21280998
22357415
21839588
18385222
18402984
19829726
22166423
19915177
21819461
18560416
20111380
20865440
20406307
19929098
19773573
22111703
22311732
20621624
22188540
22111984
22292292
20099830
20706238
19886796
20514648
19806845
13874243
18109293
21978222
19767145
21568853
21360513
20546921
16898810
21775824
22428743
22237569
22140935
20711214
22425054
14836709
20546924
22376231
19776858
18957600
20124140
21785960
22244489
19837481
20654204
21619527
21811670
20201667
21819178
22420891
20278101
20517982
21817211
20447664
21890527
21798350
20491415
22543295
20097363
19967581
21086910
21934459
19911150
20150589
14715404
20268069
20216666
19895454
21620871
20560221
21408265
22311574
19397874
20233842
18903541
17901068
22041446
22283059
18705601
19938436
22157692
22249636
21783499
20216640
21473674
21215039
22040325
22341503
22315887
14204965
18186048
19808246
20408653
22311701
18079294
22096424
13407476
20359360
20278141
21825489
20150517
17504189
18156120
22061157
22402532
22293276
19740594
20313760
13874190
21104942
19799593
22434263
17654090
14840440
21949569
18676677
19910570
20206230
18612844
20103897
22025242
22259659
20205629
14432890
20206286
22328990
20374091
15117644
20359080
20723646
18594233
16402932
20596809
21725355
18974289
19700822
20309976
19785917
20970770
21313516
14251506
21232729
21859749
21797495
22383260
22377342
18417883
21140298
20150511
20621464
22242576
20038202
19178283
18144639
19834778
19515876
20694375
22385875
19822842
22292523
20405362
20270405
19413393
20309649
21917423
21798443
20056661
21185957
17565722
18179217
21447144
21823029
22078954
22293497
22372193
21996791
18092740
22311527
20884663
21819315
20040838
19905743
17775588
21699876
18937181
18310512
22272879
19792091
22117453
14919224
18703308
21849592
20150622
20036545
19551136
17762990
13568949
21833802
18750029
21091663
21366165
19337866
20191542
21877241
20145573
21850564
21843790
13706145
22190742
20849238
20348910
18633834
21313569
20095474
19699386
18968904
20069250
16037561
20056472
18213586
22401748
18132625
21989347
12909559
22434251
18640018
19803166
21784236
20675497
20127911
13231943
19836389
20245951
19702518
22376662
18724054
19821534
20265635
20146562
19853345
21232723
21941070
13236978
21952414
22018472
22106546
22105441
21660993
22377309
22133639
21978584
14036716
20600378
21439732
19810529
16149945
17612518
22396175
21942904
13743234
21922944
21242474
22093315
14023953
21027856
21344750
20302376
17639235
18213579
22371494
19717205
18841708
14009502
20447425
21360633
21008271
17879575
22431904
21287780
19754281
21695321
21784356
18851359
22157550
19868310
21066616
21790770
18503481
19763369
21997685
20070255
21686676
22106571
20124157
16005419
18247769
22027433
18639197
20550006
20403438
19867290
19195837
18370719
22251901
20652177
21172475
22192181
22165787
19689501
20069196
20695762
21715833
17947121
18965876
15198538
19859657
21509310
22321998
22040711
13448667
19985674
22140535
17953376
21788696
21983524
21608293
20880442
18602879
20100519
21684507
22294323
19996871
17638257
21315255
21742690
19807961
22343282
20445826
21784373
19788609
19791986
20201707
20510221
18349048
18403723
17859740
21696857
13926979
17757817
19817002
21579775
22173573
22330748
21752825
13765697
20679183
22130792
22410538
19816454
21888981
18920689
20107773
22357580
20287075
20013658
21075435
21653229
18642603
22149846
21362095
19738634
20229269
21850136
21312057
21379144
21890856
21919187
22174124
20522488
19809830
22154586
22141516
22293763
20137220
22153199
20237999
22192131
21153567
21783685
20408666
21798239
22357865
19045112
20069114
21139597
18486267
21473460
20280758
20476489
20307692
20308957
18468513
20037433
20814898
21470621
14646177
19845680
21923764
21682268
21226475
21095518
17867211
18379956
20285046
20440684
20099530
21807130
21889273
20520921
21265227
22428671
19538350
19987445
20412888
17646199
21421440
21319783
20586251
22380875
20556030
21322676
16865563
22117443
21051181
20282219
22306450
18612873
20146173
20145516
18705349
21874085
22073894
21851065
20309624
21889069
21106382
19727751
16538177
21790905
19739624
19700488
14292877
19035980
19195503
20710011
22111586
18683393
17442634
18310605
19871692
18634092
22377376
20054351
20957197
21783121
20206224
18527869
19826675
21978576
17833779
14585276
22266778
21901135
21805902
19859642
22385807
19236374
22259997
19814546
19735516
16200682
22111921
17659136
13966867
17911417
19922830
21869257
20870845
19288690
22021285
19910575
16391292
19937193
18209017
19817355
21421430
22377251
22057167
18706190
19813869
15401540
20536821
22383590
21941675
22061554
15690276
22111911
18075985
22010360
21480704
22293862
18706145
22161399
22281159
19905106
14513562
17965395
19387053
21544702
17642638
20621140
20227590
20679120
16036021
20401128
14296638
19662704
19901765
22295943
18748591
21868830
21474658
21764435
16344796
19786234
18289824
18987649
20103567
22395263
20176649
19985591
19976294
20157239
19398065
19911803
22159822
20248653
16576149
21143360
19677188
20206561
21848387
17771833
22325778
22376616
20392565
19882761
20856623
19834401
20322445
20326501
21195033
21686459
20131097
21998379
17751723
22293253
19748148
16430182
20674326
17863329
15487478
19885011
21603350
22062901
21006924
21213566
20308518
21798765
21923755
20030467
19809848
18542836
20153619
19814235
18692416
21819678
19829779
21319091
21784382
19934605
19803960
17506257
21696848
19237368
22062902
20069138
22032265
22217231
20520577
14072629
21978408
19711680
22325981
20012513
21137976
18633449
16984426
20403500
18462176
18279457
18634138
17601735
20060945
18956471
20288783
22173645
18590606
18642059
19819194
20589352
22107944
22140987
22111725
20144180
18257773
21797396
17885116
21635001
21973301
22273677
18727351
18920333
16380643
21283263
20422993
22102045
21757653
21819443
21085351
21960232
18422425
19716201
19499699
21619460
22150554
21987699
19804270
19776624
20404081
13556045
20486884
14727003
14696036
19908846
22079364
22105428
22111922
20437752
22294350
18705403
22407638
18486350
13535707
18108184
14682121
19912641
22021403
21819334
18727020
13575404
21050400
21449073
19552171
22063428
19808586
15939852
20856616
22377238
15350248
19881362
20023646
20127710
18843201
19718507
20425460
20589354
20286252
22380385
20055433
20250434
19806552
20193197
16047158
20491465
21798803
20374972
21593156
21137899
17514356
21757667
20245211
22010304
22157679
20150529
20525850
20101462
20174070
20268578
20338218
18558339
22160349
21217232
21071515
19812189
20359033
19819305
22072646
20837601
20067246
20067365
22020865
18323954
21104227
21603325
22339546
19819337
22432109
20510260
21601606
19809390
22276707
21863853
17120457
19904579
22106003
17625589
20510306
21046124
20150601
20485548
20033490
19419707
22149259
19818879
20556692
20589289
14553176
21817426
19814726
19729523
15260069
17729273
20203715
19241597
14733393
19780907
19887922
15272388
22434368
19804916
21680265
22025959
18486291
21815821
20270429
22117498
21409774
20233440
21834804
22111931
20805965
20168689
21978331
20227035
22359160
22327886
20296386
20706113
17214323
21776079
16651625
20316429
18612718
21471173
22041387
21790791
18275274
21881946
20373885
22298198
19745674
21833819
22240706
20359061
21081437
21549986
19946461
22423278
18144645
19835331
21408291
21327515
21805926
18957209
20148136
20127681
18464182
22380206
13600809
21608975
19907383
22061675
20265216
21770137
21783598
13595068
21332438
22104284
22310510
18896128
22436402
19782547
20072049
20114821
13234391
15269241
22387749
20308463
16856338
19983745
19786778
20643179
20209621
22217001
21342735
21064957
22395320
17226680
22218671
20054833
21979128
20099574
21890397
18067345
20026159
20707983
15318608
21998249
22099567
17636392
21783947
19823260
18631536
14042333
20579615
21216649
20957060
19769895
12854744
19753758
21034062
19772127
18431767
14885201
21352152
18389651
20249978
19738577
22072664
20570898
22416923
21704293
13619254
21889272
20132360
20195830
19231600
21655392
19795459
19523466
22058175
18450452
22140906
13941585
18039427
21258158
22087515
20521989
22188042
20389564
19882976
21317998
22293296
19899159
22353694
21978448
20210331
22304307
16536865
19760468
19937113
22087380
18921003
15593366
21941473
22296874
19956331
18842524
21192440
21819169
20566711
19706181
21838401
13452572
22370645
13660069
21087431
14551251
20193695
13252141
20556074
18958019
20400142
20090691
22079356
18568894
19847374
15623988
18930590
20607709
21899667
21308623
21548080
22243537
18699037
14151195
20506917
21768994
20031669
20208918
21091584
21299167
17614861
19707801
21379188
21941250
20100514
19905259
21784055
22385071
13673835
22192303
22296081
20069245
19748960
21581029
17586285
20176680
21610971
21995682
18470060
17876292
20363098
21797729
20028746
15272430
17633348
19869869
21242481
16021085
18144922
20469251
19840646
21453187
19514705
20100260
18909997
20072779
21141410
16210509
21797438
20994638
21848872
19904121
20234483
21989289
21792587
18316760
22331748
21798472
22041622
18470509
19722185
19461656
22397430
20019719
21837647
22016047
20211057
21974499
20832696
22189755
21469454
20513790
17602434
18366623
20068102
20695931
20966902
17448159
21675758
17916848
17771707
21782851
21738420
19676950
22410864
22369291
22345009
18175075
20570756
21069456
18245915
19755462
21545668
21941210
18633696
19888448
21046605
18289683
22099041
20153270
20026173
20246520
20019253
19835989
21467500
22370665
19244708
21190480
21074424
17601660
16004878
21876856
21784007
20679176
21656003
20297754
20068861
19151385
18024158
19937386
21456795
20065983
20311955
19814246
17695072
19985597
20038105
20277834
22336426
17962193
22346147
14240557
13840324
20354919
22409285
21849635
20111165
22312030
20069084
19901176
22064105
20038816
21839519
22311686
22326048
19827262
19756608
22265662
22293485
20346223
19302988
22195696
19308227
20224315
22192599
22325893
19789022
19917810
17532916
20356994
22329003
20259238
20210127
21579944
19815990
20145655
21613339
16204138
15308400
20343979
19889729
17514619
19911857
19808152
15916570
16378837
22140925
20564869
22362183
20285595
20167254
22106539
19809935
21265385
21792118
19052528
20649078
20201974
21467502
17751913
20711569
19230813
18911749
20616185
21262776
20069243
19909056
20060081
22079663
20380708
19335349
21610311
21076760
21455060
19783896
19756697
18695774
22425637
21878318
18311513
21775270
20145684
19373468
20598616
21369865
18851388
20168181
22396149
20410107
22434496
21729776
21825281
21816549
20062805
22439429
20672925
20150545
20570976
21152250
21317989
17657510
21157867
21897297
19824050
19904984
18358529
17975552
19736134
21265253
21597024
18289975
22429194
18384303
20658449
20109975
22219540
22247015
19758891
21757497
22127041
20019841
21048835
21789793
22293850
22066728
20029777
18269947
22366966
22030258
22093302
21429274
21653232
22428741
21876820
20096950
15745791
20148482
21686516
21103620
20605214
22157475
22040768
16496980
21962226
19820070
19723175
20337234
21827501
20592787
15388161
20541797
21838414
19856955
21964743
19876567
22217056
20614340
22236524
22410557
20046564
17625159
21873468
19836493
18105016
22103726
22041287
20491619
19817837
20203729
20072090
18683043
14247446
21906114
17385272
17607441
21759025
22007872
19885563
19917883
20233072
20772758
18277923
17539309
21835903
18749928
19908990
18466447
19740168
20036369
14637605
19760035
20397864
20717614
20552312
19786882
21783508
19923556
21153372
16790144
20037638
21921198
19736633
13200191
21817397
20421128
21838557
18633625
19803220
18468041
21360521
19752569
21774972
19909172
20046157
20658156
19785831
22293724
19036036
20439132
19823159
21964752
22061586
22259990
20362435
19767057
20104867
18468974
20229120
19768996
21960534
20128058
21645692
21054262
21797785
22356969
14120845
18286140
22377253
20319203
19740948
19837816
21807037
19803893
21849028
20027568
20510231
22348453
20092209
21307071
22097209
18369518
20329912
22395253
19408187
18696487
14388278
21850049
21410361
22178882
20070523
21480633
22439453
18705949
19753100
18247295
20490570
15765335
19756743
13244768
21783429
22063464
19716224
21077416
19848342
14679242
20123610
21034525
13703208
21168154
20205799
20228043
22140502
19860110
20127832
15835189
19325640
20352340
18120320
15387723
22066708
19342197
20801713
20649097
20232803
21815907
20105858
20002379
20637651
19423946
22332455
18705720
21978407
13966002
13647814
20206345
19706868
17133995
21733532
20185715
21085935
20007309
22407227
20494932
20100033
18392802
18718852
20215894
20205638
20256998
18635528
21474538
22433108
21168025
19864693
21793829
20358495
21876909
20849944
18270969
18428608
21798047
20220184
14631771
14618602
20609343
20187638
19731467
18908653
16969078
21319808
15967174
18715644
22341534
19851562
17668357
20578335
19845143
18359955
22408990
22411349
21545036
22297606
21718254
20548939
21837063
17821052
19568479
19708743
21250622
18122716
22326025
18974534
19838716
17119014
19247059
20093822
20758548
22322409
20163185
20443558
15042711
21613534
22162719
19882263
18957500
18682838
19820055
20621605
19808955
20153732
19869899
22174092
22356515
19823591
21421459
22352440
20491313
16171228
18835145
21941338
19818226
20277121
19885665
22074335
19720665
18305029
20349062
13188896
14378412
21715398
19863844
21453191
19746335
22300439
19724087
20662212
21777481
20096843
20109102
22346171
20045279
19937283
22260074
21286712
21082154
21545955
20167498
22428481
22111644
20339810
19941659
20348958
17516466
21619509
19865432
15985415
21817454
14696395
20068587
20102512
19862997
21816299
16824356
18323426
20615562
20530422
19760451
19821425
18911876
18612860
21920524
22319073
15456424
22134490
20070484
19737702
17610757
20066035
20384618
16816148
19758313
21755014
18172698
21639928
17637305
19734591
14975463
20605197
20309179
19647154
21782735
22282188
22434267
13477849
21675569
21790571
20032238
19469672
20024944
20019079
19754471
21891488
22333895
21808634
17767219
22136732
18901970
17900727
22292282
19180030
18705613
21754358
18283970
22199731
22438913
18631272
19880206
22041663
21469460
21757764
21812214
22148092
18390341
19808236
21956036
19812399
21812029
22436579
20314848
18690528
22126016
22192120
21409465
19190872
21447243
22311596
22294233
21471361
22087899
22234662
20034016
21832036
19004113
19740984
20430146
19929171
18143904
19755675
22163491
19833368
22377185
21850972
19449753
21599866
20695665
18688377
20148366
18851364
14432021
22428798
21798882
20490556
21790902
19911603
21054247
22150583
19984824
19809519
17937297
21375473
16610819
20304376
14990261
20198333
22307465
19735580
20140756
22205985
13815402
22040794
20369437
20102431
21805868
16004605
19414362
20037756
14496369
17604217
21798059
20062581
20605385
19882867
20097359
16370628
19912199
20994657
22189458
17596449
18369401
21091809
20548425
20372698
19819234
19806576
15924076
20938899
21326978
21952698
21693546
20034190
22293507
19815775
21984178
19911443
19380418
22161591
20104487
19820212
18636388
22259732
20421331
20502025
16670979
19818268
20963402
20232981
21873422
19583702
21877804
21091599
22042981
20020959
19404465
18217189
19786603
20991064
18830861
20504090
20058915
18965969
21545964
21864264
20283062
19838348
21216653
22242423
21085341
20060078
20061561
21352623
18168772
14089199
20916678
20198451
22395268
20230543
20649105
20167198
20947725
18911424
22178334
18625410
14615153
20277916
18258650
19924539
20352298
22188367
14294793
21360480
18107065
21641655
18203944
21835822
17661123
22357137
22043006
20505587
18151537
18486398
19627551
22331755
21919529
21537151
20088392
19736141
21818463
22069540
20327476
21974683
21251741
22331804
22325796
21064973
19900439
13061711
21105780
22310996
22174054
20124039
17699744
19542358
20589624
19889198
20380230
18682882
19736446
21336236
21794225
18749953
22356516
17105761
20711548
21849328
19869330
21794395
21783717
22082015
20423111
20620644
22434362
22073856
17682796
21418677
19514352
17660925
22102038
19924578
19672687
18727354
20367184
13691703
22321660
21328489
18363736
22149876
20017833
17783308
19743938
22380830
21767967
21740583
20263876
19701723
19886303
21947018
17865717
20077718
21398053
20041776
21456765
19052533
20667977
20069234
21480683
18637141
20505633
22418150
14825842
21784296
20400187
22356389
20504567
18023489
22111848
18787006
21408300
21270732
22219858
19308226
17959423
20434247
22428885
18629340
20549563
18405290
22432080
20271152
21907720
21790293
19887764
18705321
13360120
18941606
19826125
18790291
21776913
20205269
20107678
20621575
22087430
19247265
18815607
19924635
20362957
20681540
22376699
20358925
20132668
20299438
15706509
19856802
20222089
21471329
20067298
19862024
22136265
19771642
20070411
21431115
19837953
21686482
20206555
19759232
18957497
20211805
22347313
15897916
20695729
20960883
20047492
22229328
15109774
22417926
22072037
22144097
17918074
21805886
18309561
20062550
14245185
18807562
21776760
21777113
19711507
18634990
20123824
20582557
20093734
21961786
22418468
14988619
22376515
14923949
21926208
19808793
21889156
19786295
21422648
20634274
19868567
20582094
22192639
18642526
20711558
22021334
20562430
21686471
21792084
21141593
22357815
21420013
15544589
20470310
18639802
18190924
19816615
21819164
14928979
21819106
21096488
19760231
15729355
22331826
18951367
20032224
20101194
19537655
19977172
21825345
20265117
20013377
15403300
19817180
22395952
20015490
15118967
20405432
18065686
20288857
20037222
18689711
19815967
20013651
20101770
21596989
18237257
20100331
21849164
22146194
19039837
20664612
20065619
20206626
20553073
20384098
22203234
20464963
22376742
20277785
19869479
21870558
19622406
17105770
18486399
19755602
19568492
21684289
18141631
18287433
19328948
20310954
22111676
20971145
19759371
19809026
14698924
20168311
21515738
18156375
18633903
21789805
19787207
20018944
20547838
20088785
22097166
18698914
20072951
21941375
19760046
18604350
22248818
20412462
21755007
19804792
18727448
19783097
19531377
20011369
20264228
19268962
20529007
22320137
12908768
19911871
21792102
14399968
20339977
20252190
21795222
22434354
20250506
22099042
21071474
20440628
20617972
21827364
21921889
20621528
19910467
16321647
18635162
22048056
22036751
20170109
13615784
21401646
22060622
19125103
22155978
22151837
19985640
19785326
22040063
20046282
21812234
22418358
20150465
22395977
20624367
18910117
20947653
20181754
16419570
18723606
21825884
18246272
21798111
19923575
18111524
16435060
21447665
19912155
13936380
20348173
19577303
17521320
19993757
17654931
22124531
19783281
20012851
19831926
22075452
20127976
20115455
20111857
21413649
21957159
17776443
19153587
20692189
20042076
21781684
18502641
19926353
13235176
21772372
20287692
20595472
20456611
20233885
12884417
22243437
21805992
19712769
18281459
21639925
19146152
18633887
15398064
12915910
20530828
22255940
13668657
20527290
20330151
19869153
20019322
22426736
18823186
22067464
20110065
22024439
18144931
21797480
22035043
22383065
22243297
19548765
21003905
19911946
18271030
21811872
16848394
14090421
22111699
22096421
18144916
17611679
20044740
19972167
19513800
12992311
17657015
20100344
20555416
19195530
21716125
18429097
20309667
18634887
20706898
21889519
21325256
14135469
22417819
18143390
19353017
22318331
19759208
21849873
21849329
19057981
22257205
21633974
20186867
21793488
17661151
17139911
21139381
19927974
20695728
21261415
21850901
22357749
18009870
18078979
20363700
18116574
21897347
19838590
21827507
21954237
21707067
22065241
21675859
18706067
21246794
19704962
18137961
22424022
22134436
19807072
19822639
21040951
16792891
18301968
20443630
20072592
18688363
22376256
21071491
15925912
20634179
22277736
22246487
15690371
21995747
21987841
20133361
19328995
21265259
20694065
21774853
20378814
19901723
19818565
13445194
20221823
21832440
17521085
18851441
20149111
12972505
20653356
21364896
15577337
19729486
19034371
20933406
19818357
20819543
20565984
20037071
16501673
21099829
20205718
19831451
21678193
19835145
22356201
21777513
21832134
19711186
20186313
19153549
21252360
22434189
20372226
20205785
21798436
18974771
20812628
15187640
14381414
13348155
21283717
22156925
21363656
22357129
21051709
19776735
22005705
22386414
20067505
22343325
20103895
19011264
21812039
19718569
20102630
19052459
15224630
22043795
19736303
22437512
19826720
17618936
19731848
18812075
19972957
14101453
19766882
20969866
20645414
22242929
18218835
20264391
19810305
19736264
21757808
19890217
22070436
20705701
17673052
20036352
20614995
21776081
22331751
22439237
21286556
21774842
21675797
21832429
20027314
22062893
22192622
18067167
19903872
21592613
20453834
20148481
21287807
15709078
21837981
21091583
17492818
20536851
20125533
21477021
22358547
19591131
14546767
22153205
21868750
17646735
19483949
22293681
19792146
21576290
20227888
20396796
22293473
20233000
19333330
22194974
22418545
20094931
18968992
21212777
20582818
20447110
19424874
21331418
20380362
19422129
22348022
18374212
22132233
22140483
20412459
21888935
22323870
21910068
19709618
21822568
19855666
21305161
22428840
19821856
18174947
19775429
22416839
16610647
20527286
16136527
20175170
21982982
21798595
21102632
22021888
20303538
20209762
21644312
21936348
22179599
20036997
22295475
18205264
16193226
22097149
19851148
19928840
22343211
21890378
22420189
20375986
21910199
19894785
13188774
18974242
21091790
21696985
21091595
15143622
19914955
20020032
22434356
20352901
22071412
19221817
20140633
21332449
18199190
22325943
19856190
20101774
22305497
20884540
22431699
21328318
21805952
21537158
19829789
13506241
20940536
22227308
22357033
19804449
22395205
20038727
22094067
15496443
16036924
20402184
20232641
17396554
19552195
21282700
19808612
19397852
19153588
22098525
20019731
19865637
21409553
19807130
20272097
21893434
22060432
20046552
17936634
22064725
20437689
22173758
21449067
22114950
18265216
20422733
22336877
19621171
21837840
19916827
20257195
22380821
21919710
19710638
22293772
21784140
15964618
21642202
21642195
18631012
13508859
18275035
20454385
19899278
20228135
22401018
22087712
20070664
18179401
22432319
13927754
19819138
19545105
22324547
15241719
20352981
21483060
20192699
20510286
18705678
22069643
20421973
20232819
19895343
21589905
19968930
20653340
21339245
22300452
21335661
12964992
19165761
18329916
19583842
18450360
16687824
22243366
19706123
21916348
22122225
18399261
21862024
20062952
18274645
17327768
22395147
22097236
22325904
19229484
20167260
21837295
21934957
18964089
21222732
21789928
19658494
19887553
21806242
21706996
20127988
20986784
22060837
21889607
18567439
21326924
22328206
13569124
19940409
18662938
15756815
20692858
13524747
20491395
13171242
22140989
21603531
21818943
20165677
22122660
22428804
22292439
22217054
19760058
22157898
19195766
20379687
20103556
19985451
22104902
16958794
19884250
22418331
19626786
21798221
14901118
19880062
21161119
21889366
20744529
21832128
19195546
21238652
19692223
21508349
19878248
22111838
19668129
18263605
20069064
18320629
19937377
18642716
14223158
20038027
21663046
21177588
21837920
19397836
22356890
20640736
20358965
19194897
20156750
20041392
21800012
19786413
17653998
21720701
17902286
14274687
17552816
12995543
18574743
20156756
22299858
21979007
21815843
18921495
21054447
18479139
17809293
21789778
13661159
19821917
22376685
21995820
18972618
22205669
20496021
21850165
22137166
20147243
21978597
20054628
20036084
18951322
19885284
18631410
21585667
20039145
19725559
21941284
15501204
22173761
13800287
20101401
15482663
19908552
21892552
14039695
21960351
20594744
20322671
14148683
16640865
20589409
22263988
19859482
20195278
20150033
22126647
19776492
19897419
18274453
19857185
21408338
19634819
17861512
21456756
22111701
20314594
21837835
19875313
15225577
19731964
21605464
20495048
20403737
19715689
20881042
22311473
20812052
22144152
18921734
21965298
18705699
15066973
18291182
22091114
22117517
22030764
21307106
19883128
20232758
19778934
20053609
22391701
17679112
19809269
13676361
21798626
22351748
17903479
21972000
22157701
18470355
19800745
19850959
18172723
20232993
19725621
18676332
19882144
19848819
22143530
20290878
19890610
22192197
13581401
18683110
20053518
21715789
22174112
19741703
22219150
21753256
22266882
19674591
21661078
21329788
20390922
18590612
20063494
19888680
21282801
22376807
22428668
21917931
22157659
21733533
19024887
21480703
20035408
19788664
21784049
22250272
21811920
21790079
21921219
19912049
19676981
19836110
20305150
21153561
21172819
19240320
21421219
17620216
20256919
20256678
20075851
20895772
22157205
19726956
19770202
16089376
19051043
20443892
21578962
20030489
20128096
13581805
17925934
19760265
21926598
21360467
19912200
20190270
20971205
21301267
22325913
22111749
17469712
14065702
22140364
22061644
19928404
18059495
19829720
22109283
22311141
22297592
21960787
18905130
22091273
20181661
20522985
21757814
22266903
15534663
14233806
18638478
19826582
19732813
22041415
20309552
22299198
19728064
18369384
20029352
22298124
20846318
21614070
20723653
21597847
21177596
21447187
22269092
20869684
21763474
19044874
19773171
17900896
20054609
22395181
20380969
17846450
18470580
20491405
21729740
18831031
22293617
18696526
18098267
21471366
21218688
21153360
19785713
20168162
21661076
20166792
21877798
21798650
21455722
19838376
21877465
21214853
18378307
14194184
21781401
20938915
22404523
19562339
17153608
21838238
17640527
21837078
22293857
22111712
22016672
20989379
21176787
20635526
21753754
21537612
21087409
21837525
17964111
21878527
19985609
18462226
20491610
18734547
22357002
19753278
19837492
22428550
21818293
20405488
16021299
18629332
20181525
21223506
18812323
19025214
19723984
20070351
19929717
19624185
16092462
21151302
17671003
20070185
20031347
21920530
18568878
22228627
15633253
20359082
21686286
17602817
18319747
17954279
20871398
19797098
19669817
15299917
16427465
20132712
19810931
18072425
20104412
20471234
18635397
21928686
21696828
20360344
22328177
21318661
21889135
21797491
21788598
19976440
21647581
19820877
14460194
21365254
21848968
19759173
18641431
20420624
20150401
18612863
18633298
20286212
16294511
22428869
19720308
22111106
17786387
20088235
17617216
20561221
13684968
19918607
19862649
16014385
21941411
22376709
16471667
18472149
19639592
22118196
19503615
21589758
20847641
12880185
18314350
21640129
22140952
22111968
20016399
14134109
18727356
20668332
21690070
21990700
18706193
20216790
20324506
22177922
17780057
19809345
18199954
20264212
18748473
22297635
20618111
19034173
21077409
22430871
19837151
20189813
20413261
21850991
18111728
18279495
20385322
19342263
21998267
21341505
19758453
17784857
22299771
17000246
19826954
22028239
21325239
21826769
22117513
21725437
20116496
20526130
18642454
20187690
18625747
19987335
19818385
21619194
21220991
19837189
21682762
19756582
22272838
21034974
21601594
22087243
20624293
20232180
14572155
20197977
21965667
18203678
21391176
19811971
16202419
21941143
19048859
19791780
20711368
19888661
20167084
20669358
20246829
17104871
18830887
18310680
20527332
19928752
19710088
21990620
19499653
22422705
14388289
19849169
21177465
17142614
19787037
14599190
20031468
21838249
20288975
21783896
20185616
22093362
20205617
21776000
22105463
20275627
17573639
20482663
21783668
22377217
21848984
19865486
21696571
19912169
20857123
21941817
19856713
18402311
17588126
20101623
21570373
19561753
18390784
20711372
21941121
19676946
21782607
22018590
15563699
22186868
19912185
20329417
20282308
20334184
19334001
21746236
13192843
19672743
19540250
21798409
22135215
19878530
21995880
21798276
21468484
21653510
20403432
14341569
19858459
19823211
19761427
22317019
16360635
15619512
20066121
21751909
13484021
21661120
19592755
20264956
21341639
19195842
20129326
18727275
21717779
20663466
20263905
22391953
16711907
17753208
20704490
19823828
22174446
19081664
21819699
21827114
22361707
20605349
20277918
20056441
18268848
17439185
22428625
20114224
21842277
20123890
19788322
21793749
20822061
20359018
21826145
20423082
20638663
20288448
21706991
17563231
18727271
20695681
20373819
21421756
21397742
22331853
21832011
20284481
22325916
19865448
20264915
20263928
21888842
21833967
21145324
19917764
21694258
19052890
22094026
17625626
20118760
20150388
21275980
19749119
21212043
20233771
22410098
21471346
22134481
20248464
13716590
18258880
21258100
19816385
14824981
21282230
22220874
22428750
21822218
21484289
21966651
19995393
21078452
19738582
21377725
20218462
21480628
21653493
19337926
20249768
19887957
21604749
17752443
21877307
21832486
20662458
21806145
21792446
21819196
20592290
20571726
19636449
20118787
21091789
20423036
19730891
16553524
14588657
19940374
20149766
21829253
21616596
18063705
21255634
21890313
22229317
18470310
18472128
22439416
18831122
21675562
19747350
14471855
22243288
21286365
18081987
13843736
21792219
19499676
20937784
19785826
17632321
21073155
19725364
20031385
21725300
21720691
22346168
19755389
14213617
20191339
21909309
20139019
20471548
22010272
20711347
17937344
20491916
20527597
18532102
20272358
19738589
13896372
18314299
21777553
20682042
18484311
22135093
19851470
20484080
22111716
22217063
19863252
17407562
16780578
21849281
21816812
22357114
22406560
20258495
20211593
19825726
21932449
16902891
21403674
20892971
19810755
22188555
22296815
22347402
22418313
19414390
20668318
18562728
21910021
19732893
21465276
19917916
21978335
22144127
21596502
17776576
20205809
21783532
21876882
21950225
17101016
19572074
20343919
22227397
21992324
20889246
20046345
22125957
22357873
19940416
20125142
21642379
20264328
16561524
22305317
18930600
16135525
20227606
22346575
19018556
21795713
21313571
21807422
20206582
21825594
20116101
18251050
19781177
20309666
19808404
20237291
22273660
22096675
21753769
22357627
22372897
21790465
19878217
20896576
21421434
21861944
21914115
20123379
19627705
21078701
16263947
20289062
21073502
21618314
20337328
22061592
19865927
22376767
18381315
14047784
22234661
21783631
20188481
21848375
20020326
19864235
21508813
21878004
20790491
21777411
21289223
21934031
19925020
21913311
20069302
22434420
21941450
20070517
21537142
18807083
20288478
21789833
20598634
21305021
19712111
21941651
20217727
20267413
19808535
18287690
21781422
21860981
20065916
20662425
20274613
22293230
19682314
20243552
20789455
18726893
22304223
21219593
21867178
21003868
21793130
22359917
19836517
21258140
21127343
20045735
19826154
20615608
22415480
19398119
22010325
22177809
22123849
22061172
19757815
17661080
15118978
19434311
20421482
21930953
21661029
18905672
22145490
19751285
20020460
22029508
20240751
21863569
20064523
20526187
17752127
22306472
22395955
21140107
19724590
21082996
21819359
22180522
22422522
17682637
21827370
20328775
22326168
21889639
17957476
22311012
21308253
20358834
20563873
20567959
21869203
19948421
18137669
21619583
13727973
19964350
21832628
20621205
20831905
19847256
20265238
21079172
13865293
20439158
22332067
22409019
22105970
21784297
19834678
21153511
22387727
19731873
14510357
20309984
20069242
14174981
19743385
20820989
21021041
18310550
20366284
18966382
20323484
21782752
21431149
21330591
19907735
21995791
21783648
20589821
21889325
21764438
20221681
20117152
19865741
18486329
20856415
21783576
21775888
20100555
20450399
22111717
22079574
13590163
20403445
20040780
20711313
21757601
20145155
18970614
20449038
22407173
21978561
19722190
19552416
21138008
21757589
20353830
18636663
21367175
18728059
18612803
19393818
20228536
18843217
20118273
20012255
17303505
18939380
22292505
19889931
20168872
22041457
21728896
20564553
17638419
22115009
13828702
20278010
14548253
21769167
21769020
22167674
18638923
17674872
22157517
22151864
19236714
22350070
19823360
18639258
22140428
22410394
19808729
17996383
20616934
20081883
21995821
15027481
18957646
17913692
18680560
19836066
19752751
22331874
19827394
19742375
21849423
20066356
22356957
18218643
20206675
21313514
21868645
20192154
18633201
18901831
21936540
19778312
21661112
18408062
22307536
21054579
18157039
22310846
20561266
22336462
21258971
15707933
22042936
22293861
21438368
18573497
20204233
21363663
21920237
18069318
21832487
20166761
19726746
21906125
20760405
18638463
22401147
17949034
13584386
19912168
20191282
20296471
19812527
18206648
20510100
21827268
20527305
21917431
21597038
20128159
21913319
22332417
13133743
20124260
17647307
20090569
20578325
19731859
20288969
21868788
13837944
22142919
19889148
20605468
22303570
19243564
21906159
19783007
21508776
19199750
21001981
20313442
21608905
20621323
20288430
21682342
18143552
22311411
19976694
21103411
19822421
20038317
22140778
20197603
21816801
22040358
19909502
20856426
20057777
19815728
19751359
13438322
22217038
19821793
21900545
20185137
20963009
22429827
20711575
18727398
22292425
17654350
20977981
21850557
19762447
20208663
21839425
22157713
18633057
17961045
18307381
20191759
22115283
22394967
21653360
22071425
21575095
19897704
20835324
20103075
20218964
21420006
19781266
20233728
19912104
20233134
19787227
20054685
20127929
20131801
22041185
20035166
22383206
19631918
16206835
22302789
21408297
19855079
21411421
17427096
16432085
22326034
21733627
20045198
19821961
22352456
18388714
20028002
16431058
20147714
21757813
20805999
22431100
20852681
21798552
16937971
20030908
20423270
19821488
20084283
19246473
22339539
20960937
21318194
15661654
21661114
19736525
16956052
20055447
22073862
21827372
13711787
21699132
18901628
21822565
18159140
20063988
22364911
17638664
20018870
21825218
22380363
20181670
20193307
19776914
21793152
17869873
22032268
19568552
16957612
20190822
20957718
20448748
19816603
20576707
20605495
20640668
21931010
21894104
22418108
16690911
20914799
13482027
20595037
20424408
18279482
22157613
21696861
20952089
21848500
13039961
21805552
20130991
21566845
21799066
19806520
22041288
19342208
17655027
21852180
15349954
19778684
20721027
19800654
20037313
19809920
21784326
22041614
19735960
18384791
22134522
22155240
22294221
16836522
21216500
21263605
20008777
21757626
19677066
20566458
19818621
21661610
21812023
22356928
19869934
20512165
19819678
19837586
22325965
21919758
22368031
15239333
13907551
22326080
21873499
22010545
16092723
21777005
12941942
20128015
17616262
19761220
16501268
18574539
22041533
22092548
18944536
20039348
18942376
22356513
19941582
21827298
20510355
21003887
22000667
22000271
22260031
21877537
22041485
20341631
20041967
22346557
21361412
14457940
19536993
20277207
19718473
21597036
20589377
18045125
21449047
21849569
20369961
20068625
20711518
21774694
22406475
20098393
15844566
22254120
22293415
19808420
19820375
20647764
21919978
21783404
21818871
21868552
19552462
20297848
19894639
20300965
19118048
20019411
19736297
21889563
21566899
21686504
14176817
19692199
19806357
15258557
20468086
21137972
19900281
22157540
20874390
14753522
19831981
18072134
20370067
12849092
19153495
20073420
18395916
20023798
22192316
22331894
20605365
20233799
21594929
21783916
20358795
20217622
18487949
21818836
17231326
22259666
21970407
21648613
20589618
15917860
20769525
19818884
21793158
21817388
22104932
22040368
21783818
22331866
19662643
20032236
21984468
18140623
17439909
22166950
22314571
20206676
18387844
22356958
19690901
18638428
21214287
21906171
19859791
19745936
21323697
20062948
22243306
21907998
18966312
21416291
13211446
21757817
22061375
21613845
21315557
14606120
19903600
14657900
20244803
18453087
19416538
20110024
21010945
19024927
21103567
14000199
20834506
16943967
18639210
19786279
21991609
19897562
20204382
22360602
20295413
20358816
17471063
14150857
18807376
21733488
22395241
21997718
22430193
18241020
21837714
19724173
20209870
22111977
20232854
22019769
22334143
18705590
20305268
19840618
22116399
19993660
15381179
17673234
20447607
19195772
20054674
20083063
14274816
18024164
22326004
19887909
19829816
20695731
20605449
17964093
22334427
20418781
14369151
21776040
19190866
22141018
19768818
22010533
22246634
20154256
22242941
19837133
20125534
22293735
21992010
19743392
19938197
20187366
18868224
20415536
21408066
16958870
18590885
15695104
21827178
13445055
20331602
21790718
22343359
20859994
15366209
21889494
22149266
20087923
18974790
21270346
20021136
21766192
18400848
19985726
19963137
16435605
20016694
21914322
20351953
20976770
22140790
22434308
17965458
21054504
20708729
21646376
21827315
21754226
21662089
22070427
20249489
19784904
22303538
22429778
17946226
13629501
19034040
17867495
21749439
20013074
20346245
19735650
20402412
20154648
22364918
19837808
13734503
21848549
18717142
22428567
21949289
22087888
20020049
20524267
12910515
18947005
22418551
18265307
20128191
19908553
19820018
20248213
20150385
20150509
19887975
20104895
20309568
21015759
20026345
16748456
21401741
18636853
21930152
13657435
20379693
22322445
19827276
20423410
20377018
19911812
21410048
17751977
20126200
20291293
21681818
20551308
22223645
20111377
21782659
21825727
19422648
19284448
22150558
19801456
19822802
21889020
20027441
21919511
22356905
21449187
22042222
17963962
20167341
21660990
19298922
19910617
18597679
21641980
19555894
22102018
14339390
21661039
14131244
17349637
20101814
19304010
19097377
13192835
20695684
14242767
18157789
21545404
18639897
18366777
20163178
20744543
19709516
19739845
20605427
20353454
22395138
22325909
22023921
14336883
22325991
13803004
20232790
22420921
19786276
18790306
21769002
19993810
22239257
22040775
19780903
21793551
20724420
18634536
15472626
20033845
19736938
19878609
20127755
19485947
21849830
20409282
19871378
19810943
20015293
19195469
22434358
21160671
22096932
20605463
14476640
21091405
16864385
19834113
19872330
22376825
21307099
19836124
18134739
20100425
20143332
17946233
20676193
20150510
17748375
19928975
20232850
17952104
19969199
19763328
22431289
22402522
22418448
21995892
19823857
14457941
20621584
21591167
17610950
22127364
20239448
20309074
18636566
20290136
22439177
21678626
15064117
21921875
20100248
22088000
21877766
19817094
20272067
22016796
20127346
21126263
20775034
21158402
22363156
20513866
18470499
20309636
20080843
21793758
21292997
21071820
20233378
19984816
19864403
20659368
19184405
21926275
18686446
17883718
20450281
22111996
21868425
19881989
18322013
22418497
19552470
20954740
21414491
21822726
18574373
21514327
21928653
19828951
19422916
19754338
20321574
18727465
21812109
18920885
20288523
20224250
12860274
19583679
21653532
20331834
19985590
19886089
20295428
19865702
19783465
12900288
22173773
22243294
21817201
17828682
20134182
17332668
20176723
19870606
20045783
20589644
16572468
19824501
21727347
20123604
22263927
15276527
17339888
21655386
21947247
20012976
14414890
20987731
22104594
22308540
22424553
19904008
20046098
21807448
15840472
20639716
21740576
20204332
22270564
21661116
20359125
22111654
19823582
22126012
18612853
16694733
17626814
20491370
21227452
20227479
20034942
20338281
19848790
21170779
21478896
19045101
19927927
22395343
21375477
20035938
22293765
20329919
19863415
20693109
21400391
22406628
22006622
20036672
20125274
21769306
18993519
18050480
20103312
20232950
22424065
20233115
19922844
18286167
15908940
20308889
19839018
20206490
22158002
18931061
19552497
21619574
20166762
21408283
18957630
21661030
21139936
22296876
15167193
20898755
22105145
17588280
18974695
21129615
20526000
22311099
22433625
21456779
17337115
21753146
21783419
19863290
22173488
20675854
21212793
18217353
20069370
20264459
19824464
17682987
18443908
21381191
20205618
21145333
21863876
19755577
18063741
18612811
21833890
21822244
22021309
19904593
21365788
22244788
21861988
20209598
22383215
20142155
17611822
19988251
20288781
20233748
21216689
21137958
20092886
17944987
21091610
19834048
19856123
22342129
19965295
22372586
19716396
20941189
18118641
18920157
20857456
17885035
21287303
22431313
20570967
22333361
19034157
22428497
20095535
22117449
19866425
19642393
13527118
15183358
18186656
17953823
21825893
21115500
21995500
19814719
20621558
20711317
22135870
18213678
18263082
18456078
20099806
20121438
16483981
19705629
17998891
20384128
14704904
21924800
22220886
19235494
22216939
19931632
21308232
19552391
20101614
16322850
16561532
21961503
19307077
20358973
20127399
20105715
22041409
20226672
17936981
20147963
21282317
22359893
15897745
18404380
20454199
13859452
21961682
22048068
14479849
20021582
18274434
20557515
19289012
20232947
21154833
20548287
18292458
19993931
20643084
20264077
20398960
20072991
22172763
20352916
18171848
18292504
21973357
22320221
16157378
21848914
20100078
21050427
21307070
21490955
18685668
17216422
21978427
14048946
21906094
21288147
22260014
19868267
21837095
21797650
20536641
18186376
21753250
19414410
20921022
19875037
19325571
21910348
20548463
20311264
21787982
18807103
18957704
20221749
21783921
20878032
22061441
20097943
16344821
12888169
20233031
21975349
20407162
22336295
21776232
20468584
19884856
20395931
20068039
21795533
22423264
22293598
22377411
19834098
18446309
21161624
19913038
19865468
20066186
15348300
19245315
14029863
19944371
19547111
21678603
19034146
13147803
21874843
19554055
22175063
17800185
20709746
20171909
13524569
22431088
20565075
22376822
20398254
22242264
21081758
20358978
18687197
22041209
20087740
18683713
19725247
13223361
21941447
20835308
20205456
21770225
19950369
21186125
13781928
20410687
18574726
20837896
18630323
20204256
20061005
14127535
20916603
21326307
22101873
21877958
20357549
22221569
21940988
20603662
21265197
20192770
22010447
18246161
22111946
22374267
20100271
17682444
20510148
19557693
20546625
20219299
15572523
22355713
22051243
13571433
22348015
22274733
19709606
22436568
21870535
22161989
19804955
20181576
22010540
22191954
22400843
20598588
20423119
14112899
17384290
20358930
22242073
21812658
22293467
21597032
21936428
18920308
20403511
20093625
21805785
19774084
22157690
20150571
19851610
22159826
20055167
22427116
13117264
20385580
21822619
19900762
21815932
20419877
21641623
18630243
20954374
21851932
19780796
21790519
19910612
18636657
17254809
20116233
18402783
22357086
19760648
21848918
22111761
21889490
20581797
21060016
20445835
18999168
20127384
22415305
20153657
22128116
19835747
21606558
21783494
18302095
19818840
20038733
20491458
19247189
22044536
19690968
22330585
19886132
22030940
20557447
19417705
20711309
21319785
22266832
19817900
22165772
22070418
21617860
13513905
18174169
22157523
20386066
17022456
22306465
21452219
