22399332
17776916
22356517
21889358
18650148
19780419
19035785
20244964
20250334
20570742
18163700
18142270
20792479
19823991
19582933
18921488
20246370
18815650
21798303
19787054
20099861
20894910
18729099
21219776
19909996
19862893
20336620
18143900
22340414
20098179
21225116
20658516
18156233
18638242
20144919
20264109
21936631
21839571
22267934
22248827
21849759
20083591
20283003
22042967
22174140
21356097
19897593
20392559
22309010
20180810
21889248
22217048
21142780
21575107
15108581
22157202
22220893
20671693
21150136
20045234
21995893
19806168
14093144
22224894
22270478
20621600
19375905
21413274
20679165
21097587
20273354
21508821
18155080
20039225
19166220
14599529
18753173
20148397
20618900
22115987
19911235
21040585
13388790
20100123
21995743
19568470
20562211
16977130
20286086
20221153
20570846
20258845
20148060
19335366
14693369
18197737
18612780
20232920
21184483
22404477
19786439
20691383
21969204
21168029
20562399
20408586
20205874
18787179
21869359
20107402
17865558
18704457
22174055
19798992
17610801
19636538
12900602
17815716
19790517
21776996
20589371
20423428
20565662
21792398
21825569
19732839
19809082
20012443
21393062
21597039
21824125
20492948
22429804
12984159
19907716
20376952
22326086
18574488
15911760
19726422
20149180
18662949
19848483
15275594
14624058
22216867
21158021
19731643
16543597
20256748
21262779
19242890
22033676
16052426
18974719
22242870
22107959
21905974
20669185
21766196
22106542
22224953
20227922
22293647
20535582
17996212
22013033
21798318
20307890
20491470
20147333
20527272
22061465
13116941
19868101
17958944
22300443
18639440
14513670
13384613
19672372
21182982
17855172
22469988
13611514
18274655
21656567
21799007
19455790
22063422
21775830
15869648
21811559
21817361
22174115
22296118
18632664
22111914
22216880
21782536
22157473
21730650
18426810
15675832
21177561
17598526
19040230
22333412
18943629
20012774
21409715
20034148
14387431
19864672
21097011
22169304
18023733
19737693
21941296
22376795
13626262
14585943
19968996
22151259
22311429
22424528
19941951
20051171
18369248
22275453
20233078
21217678
22357214
19338164
18705490
20656581
20032126
12996748
21776830
21888729
22199758
19908611
19928133
22316249
19823245
22157739
17667023
20127599
19728289
19810816
19414339
20205747
22311637
22331836
21419331
22041756
20258974
19759125
17643799
22069588
21710580
18727405
13948580
21177467
22353354
18705794
21748946
21307724
17687302
22111904
21098903
13470217
20174685
20033470
21325230
20491925
15069210
20382626
14876876
19722200
18749606
16366848
22420908
21322126
20590921
19713458
20291616
17516261
18450301
17682629
22186836
22356765
20501025
20895796
16889105
19631964
19853931
20341299
21850382
22320172
21784400
22377246
21220633
20118242
18278600
22196699
21868687
20124168
20608697
20421155
18612785
20578333
22284003
22111874
20068059
20192816
18061284
19911071
22242315
19760204
16838506
13004534
22230004
17529593
20147693
20244940
21790786
20500163
20492484
20196500
21769021
22141087
20495639
20630769
22432774
18631548
20514875
22312025
21850493
20075200
21694977
17924408
18636040
22097053
21909918
16780382
17856907
17661412
22328188
20814605
17516482
20120857
21608321
17138006
22325861
22325979
22035656
21825512
18749547
21819736
19745603
19889397
19819543
21599543
17735921
21941002
22377099
19925808
21415337
19735916
17955872
20017255
21995681
22293748
22016008
19869423
19889906
15323258
19819150
21898601
20250595
18280281
22079587
19710151
16393045
16746984
18144755
22228081
17658984
21685475
18310262
20070203
19337625
20527276
21163197
19865340
22362839
18138551
21609240
22396047
20516595
21150620
17953416
20044629
20777052
20170382
16966925
19895291
13615238
18634041
22243530
19806474
17748340
19672849
18144662
20070881
22331783
20359160
16969178
18143650
21869348
20423451
19814321
21792222
20979854
15276468
20489816
20161496
17218416
14179066
19816909
20709364
20658475
19825738
13715444
21798745
16980513
22434236
22336418
22439221
21795207
13588128
22044481
17084957
20695961
20293700
22311081
21807366
21807353
21941482
17759836
22278919
20150605
20065869
18203288
22331864
17654295
20169852
20185094
21653349
17752720
20941197
21091814
19905438
21669516
21757657
19827933
22118082
13752012
22263215
19691156
20421152
21798496
21769158
19986767
19584118
18833963
18059439
19768035
19499671
13455897
20631453
19694066
14089203
22260101
21675879
18851405
21091552
22024521
17385705
19649359
19711113
20558234
20140351
22311510
20246553
21798538
20422996
20460131
20971218
18974777
21379151
20150596
16947311
22356931
22041358
17516085
21914510
22023067
22176448
14520760
20409124
20123582
20172159
22267931
19750830
20589336
20077741
21218685
22357675
20435206
20363300
20852670
19814031
18156475
18395883
18568914
22065396
21868714
21935006
18637117
20398375
16822892
20202590
22377233
21042077
21629579
22363660
17638710
22270604
21161627
22021305
20371011
20060345
20030937
21773903
18239134
22376690
22087965
22104881
20419861
21966583
21304478
21185998
20997986
21038784
21933555
22060613
16194505
20830824
16905078
19904545
21508746
20170404
22173731
19736352
17469646
20847108
22293851
21162698
20806158
20403849
20430263
21591822
20711565
20667427
22329132
21776141
19814330
21907343
19042915
20605293
20201745
21540758
18243472
21817162
21981043
22144695
20205763
19928412
13015709
20287495
22272845
14292854
14106757
22377198
18601427
21000593
20993625
18637922
19935148
22405789
21256586
20570849
14976616
19760580
21863997
20527574
19938235
22087956
20711547
22018380
19045025
18683212
21754590
17638564
19887769
22418278
20145756
21479486
16633102
20778200
19723278
20726859
20619693
19834583
19869882
20703779
19809056
21873511
17668297
20931430
19786852
20013281
22165172
20403762
21832686
20976781
22242240
22157514
19776734
18143610
20168679
19804158
22061044
16455807
21806113
22269096
22043791
19160390
17759107
22429274
20884629
17687371
19815743
22118577
13434218
22041175
20427723
19748596
17643540
14234311
21784039
21244640
18317496
22244422
20188389
20662230
22270607
22137753
20266666
22323891
20350390
16468432
20314609
19052452
21990599
21773068
22115130
22377222
19927987
13223469
19857455
19925763
22408962
18612723
18836181
19929689
20558139
20879352
22357407
20510104
17999422
22132959
21908817
19829730
19907599
21279473
19851645
21746281
22429982
20654017
21775292
22396591
18968388
19824035
19908950
22377416
17443681
19731855
21827344
20345243
17407554
21856567
20745745
19938374
22330040
20401867
15270542
21474531
21807315
20695757
14003085
17391549
19952958
20447734
22309025
14255903
18273423
15397152
21978231
18000602
22311653
22074491
21934933
22437647
22118609
21978622
17614858
22252663
19938143
20546308
21283191
20070538
22136688
21997478
20305306
19723965
16440773
18138594
22331870
20266760
19583698
19838629
20422710
22060748
21686693
20099001
19859784
20197782
20443181
21091813
20605401
12885753
22430833
20030381
20098076
17617039
22259573
20938928
20359363
20167458
14913974
18946193
20714318
20012268
12897249
22302281
19134034
22070443
22041687
20587667
19817599
19786380
19867395
17703808
22326491
19838632
19785110
21800690
20422983
19823585
20089424
22428851
20999339
19853164
22097234
21977782
19810625
20097102
16021187
22100735
18567401
22341409
20546311
19384271
18633893
18318229
19875125
19986746
15571150
19708886
20218217
20110019
18456471
22001987
17313631
20792472
19612440
21077419
21757654
18570720
20246356
19760191
18355652
22025908
19722210
19736259
20875057
21919556
21576838
19911113
20403527
14638149
19881647
22229997
17469432
19764863
21969930
20621201
22134439
22079380
22293899
17902302
20067382
20695717
22040713
20400217
19688963
20137194
22276723
18750646
20773961
20350597
22248738
20123915
22334433
22024445
22032199
21640124
21720703
20072751
20070460
22298785
19760414
13642040
19829775
21734877
19941684
19862929
22100785
22141091
21832540
19632121
21894065
20150497
21319762
20570863
16839433
22318931
21978479
19010858
21929327
20126584
17801381
21871990
19390669
22157588
20070375
22061489
20065985
19622481
22083613
20067536
22111991
13865747
16781068
20042665
17845747
20537967
20950968
19621957
19321888
19640681
20567357
18727325
22260177
20206291
21996421
21662839
19818481
21386822
20219269
20104481
19888046
21069642
19052554
19701754
21765921
22229966
21566893
20298770
22185292
19911852
19818896
20195840
19748569
19841654
19042818
20215529
22088013
19879855
20572458
22166397
22311738
17822679
18944328
20703565
21081441
22060442
19662669
22072667
19153550
22275523
20036550
21153515
18145007
13236981
20093170
21601602
20150588
17623580
20149857
20029511
21940767
20912589
20206668
17760037
22079268
19912123
19741294
20193616
21370878
18983044
18851406
21002576
19837160
21794572
22371448
21941055
21798870
22434249
22061631
14687997
21653515
22311109
19820225
22331845
22061098
14101042
20401116
18631667
20497803
12906098
18331421
19881723
20250384
18525437
21793566
21855873
18637827
20277554
22157455
21960286
14254350
19037169
20421159
21149185
14358273
19040905
19239242
19034183
19887929
20309686
21851042
12850454
18630712
21910201
22135744
19578158
22192204
19838599
19821833
22259731
13256577
20137446
20097497
21451545
21816837
22376632
19736294
19417377
22376714
13207841
17507995
20050901
19819122
21725539
21566823
21971980
19838210
20540897
19862128
22137112
20504962
18470272
22377178
19758720
17275451
18782321
22344992
20718719
19820429
21477038
20299634
12865816
21839401
20150457
15223540
16899139
18486317
21640869
21755011
20245010
20309566
20145772
22331877
20410130
19736389
19890028
15730255
14879894
19886022
19984852
21940954
20751968
13538701
17595117
20085772
22112009
22121384
21286562
20599051
21151654
19039112
19559291
21834828
19340924
21071513
21837474
19736302
20323418
22340397
20095358
18486364
21230296
22380376
16814216
22391347
19808377
19822665
21798852
21845444
19646994
18470048
21919969
22347223
21960584
21116450
19760398
18186304
18155020
19418351
21619476
13513860
20328467
18466528
20054500
13886304
20123292
20247206
20476736
15540937
20058942
15856003
20860223
19735184
17957495
22417040
20220148
19814166
22157197
20206593
20053471
20168886
14333215
22107912
22234645
19631975
17639972
20446436
19713117
21725473
22128949
21021530
21815691
18245819
15346612
22152621
20589622
20176032
22073904
14349413
18639682
18574454
19548770
18468072
18836988
19195884
22316428
21103542
19809779
20038387
19019383
20125709
18186057
20382063
16632622
20666560
18938377
21282252
18547651
21185977
13050479
19525514
20019617
18253397
22195766
20316162
21789766
18722938
19626319
22111670
20066979
20176289
19788425
19696184
20711526
18390743
20954284
20589337
15377464
19631986
21696918
20504034
21826121
17333536
22111899
22434277
15784997
22157717
21784383
20570894
21071714
19853824
20995145
20096824
18727145
19658110
21874046
21783541
20206494
20575921
22304966
22339578
21978423
21224963
22356844
20036536
20565090
22015976
18638569
20286114
20038504
18645143
22428657
20233694
22395889
18336053
22383350
22398340
22327057
19810003
20097666
21819638
22431183
19930573
18131094
21188265
19835464
22104889
21449045
21029304
21471176
15586073
21863865
20287036
19342262
21982453
21431562
20168799
19825108
21817596
20120898
21114572
20385909
21964772
19976129
20556758
20481772
19676954
20264647
20216399
22418353
14884295
15575870
15917397
21307058
20150503
21224935
21833154
19830442
21456741
19806155
20146480
20966431
22418335
22311488
21039713
15577297
22386384
18743545
20477051
20317586
22344874
14655574
19985720
22331801
22097101
20087686
21835943
17381773
20570879
20345391
20330320
20143341
19784947
22205628
20379309
21542849
15406593
21224969
20240673
18386000
16330102
20091738
20145638
18788955
19552463
14602326
13555111
17003243
22111760
22041213
21913371
20806199
15466311
19195586
14478023
22242555
19785319
20026254
13117619
20065768
20099925
22126730
22387777
19895396
20359150
20485902
14807633
21799570
22294410
18567326
22157569
20621637
21849257
18372029
19885847
22157518
19877422
20621636
20232675
21812228
20605189
22197678
19770456
22409756
21816962
19729539
18213631
14668056
20289048
21086268
21986831
17859933
20338239
19771982
21652074
22410263
21729197
21248330
20233874
18612701
20148443
19583844
20130372
20039217
21960613
19935825
22243509
22168399
20164406
20132492
20196109
19851603
22164465
19247207
22410571
15276555
19818212
14009632
18635679
19559278
20038408
21154283
21978566
20026862
19052506
21047952
19787672
19888528
20434791
20316161
20439181
13690864
21067642
20971140
20460158
19575107
20239362
22239036
22276842
20445836
13870018
20059734
18246401
22096808
19927450
20502185
21265248
21941337
15900101
20388085
19809842
21966579
20070166
18527931
19906491
22097099
20662206
21092596
22298157
20660298
21040782
20662490
18807112
20201980
18641980
20403378
19713511
21936576
19752922
19787258
20484391
19912098
19842388
20237301
18634083
19909098
20137081
13780361
19857350
18574522
22425045
22420942
20317846
18639840
21825894
19866956
13818518
14009827
21449060
22357707
22143492
18067395
18945101
20635363
22395913
20383347
18357742
20131828
20491440
19289075
20248823
20150530
19810057
20708648
21216883
17952176
20249796
17617174
19631903
22395107
21825711
19786640
16250964
20281762
21924492
19929163
21794765
21265231
20150600
18155208
19868367
22111665
20461271
21849130
22315897
17601250
22020917
21468479
22061672
22356863
13050540
17531129
18749659
21319803
20669176
19342158
22148083
19759328
20241515
19861520
21631394
20339778
17385855
22254128
20097740
18639459
19823363
21915964
19808727
20447305
17013999
19052493
20035951
21769150
21566780
22157632
20261271
21639922
21800137
19767932
22076233
18642069
20386126
20491349
20349725
22417984
21265181
20024736
18341432
21605495
21890274
15299827
18706186
20231448
21931576
20488942
22246588
21915655
19785788
18786967
17428233
22326167
20861013
19885626
22418380
21901099
21420010
18155087
13532624
14387700
22010356
17958969
19788492
20356448
19886154
20339088
21358790
19691270
20139410
20323505
13479505
22242295
21286321
21365896
20100064
18218918
21919540
14890871
19858352
22382481
20209006
21919370
22027461
13613241
21995765
17657396
21690171
20595445
21909796
22292446
20875352
17661049
21842455
21746206
19738639
21283123
22357651
19808762
21940772
21110857
20417954
19822662
22030269
19536370
20155197
19904126
19835444
22033589
20345099
21686445
19760238
20038564
14084606
22359923
21783678
21964529
22272857
18112103
13545498
21610635
19342182
20038362
19047237
20241323
15254361
20350037
22292487
22390879
21167956
18851476
18486412
22409025
18157693
19030009
19397822
15038634
20169029
13535645
21103587
19540843
22140941
22312834
20261556
20150524
21186577
20491394
18289725
20359049
20662385
14810589
21826741
18568590
18635791
20221687
18253208
20294049
20038496
20416246
21417051
18631618
19788387
22173974
19738059
19552412
20404127
21456747
19882940
20215961
16954172
19775550
21822611
19804098
17814853
21832673
22290833
21827347
17601205
20483719
21831952
21113029
20394541
17344497
18638229
20265508
20170598
20127512
20370863
21757635
19823613
20392561
18404267
21440543
21850132
21825305
21995815
20895169
13122661
21819257
21333580
20228071
19754394
20375155
21576813
20043719
18117419
22325933
20408523
20639660
22437045
21224967
19803686
19759948
21733700
20483851
21772972
20041051
20382616
13139352
13687675
20543114
22055397
21798904
22061469
21798963
21337556
21377714
21681845
20151770
21726725
22430838
19823180
19861596
20304666
19322036
18749553
22229339
21797604
20427501
20546827
17956626
20233811
20301039
20363663
21467990
20172760
19806418
18363790
